0	130.81
1	88.53
2	76.26
3	80.62
4	78.02
5	92.93
7	91.91
10	102.09
11	98.12
12	82.62
13	94.12
14	99.15
15	93.64
16	106.1
17	114.13
18	89.81
19	90.81
21	94.57
22	108.14
23	120.77
24	84.84
26	104.07
27	89.37
28	90.08
29	128.19
30	76.01
33	104.85
34	114.78
35	91.56
36	98.16
37	117.31
38	79.0
41	91.98
42	98.08
43	139.2
46	91.44
47	91.52
48	91.59
49	108.0
50	116.59
52	119.44
54	97.24
56	94.83
59	88.82
60	104.78
61	87.75
63	111.74
64	109.76
66	93.67
68	90.87
69	118.24
70	89.91
71	113.4
72	118.53
73	79.03
74	92.47
75	100.98
77	111.15
78	108.57
79	93.03
80	93.12
81	113.31
82	94.27
83	102.31
84	101.59
86	98.84
87	101.98
88	96.96
89	90.8
90	110.98
91	73.7
92	111.42
93	98.91
94	106.46
96	91.94
97	108.37
98	127.66
99	93.62
100	106.67
103	92.35
105	109.43
106	106.31
108	107.83
109	112.75
110	89.49
111	126.17
112	100.38
113	95.42
114	112.39
115	92.7
116	88.78
118	118.74
119	116.61
120	90.99
121	113.28
123	113.69
124	87.09
125	116.73
127	102.52
128	98.68
129	91.24
130	96.88
131	90.54
132	110.96
133	88.92
135	102.46
136	89.23
138	96.78
139	101.66
140	87.26
141	111.55
143	101.07
144	96.41
145	92.74
146	112.44
147	105.74
148	89.1
149	108.97
150	87.65
153	94.75
154	94.92
156	108.87
158	104.08
159	109.69
160	90.27
161	105.77
162	94.17
164	90.33
166	98.25
167	106.14
168	90.17
169	110.91
170	108.25
171	98.16
173	90.03
174	100.85
175	89.48
178	94.02
179	110.55
180	94.8
181	105.47
182	91.5
183	87.44
184	79.09
185	89.67
186	121.15
188	99.08
189	87.79
190	119.76
191	90.01
192	98.96
193	90.54
194	108.28
197	90.88
198	87.65
200	96.16
201	117.03
202	91.23
203	136.41
204	91.02
205	102.89
206	110.53
207	102.6
208	77.36
209	113.11
210	88.39
211	108.85
212	90.79
213	98.28
214	109.11
215	88.82
217	102.58
218	115.67
220	87.66
221	115.25
222	106.87
223	128.78
224	89.86
225	132.1
226	90.73
227	134.43
228	104.16
229	97.42
231	91.16
232	103.98
235	106.19
236	109.3
237	108.46
239	101.26
241	88.21
243	96.97
244	97.91
245	108.43
246	90.38
247	90.19
248	122.69
250	110.56
252	122.24
253	150.43
254	90.82
255	100.98
256	89.85
257	107.9
258	90.92
259	109.1
260	112.38
262	87.58
264	89.81
265	91.22
266	76.64
267	111.75
268	95.04
269	111.31
270	92.23
271	111.77
272	121.19
273	99.56
274	89.4
276	112.54
278	108.75
279	104.56
281	89.94
282	102.06
283	108.31
284	110.21
286	87.05
287	89.59
288	109.94
289	95.99
290	119.51
291	105.23
292	104.32
293	91.26
294	76.59
295	87.25
296	90.52
298	114.34
299	108.43
301	94.95
302	90.67
303	90.39
304	89.03
306	91.82
307	111.08
308	89.44
310	94.85
312	91.65
313	89.41
314	89.17
315	88.59
316	107.45
317	85.76
319	87.81
320	113.36
321	74.0
322	92.92
323	106.06
325	102.7
326	90.27
327	100.56
328	89.05
330	86.98
331	110.49
333	112.49
334	94.12
335	88.69
336	104.38
337	115.07
338	92.03
339	106.97
340	116.04
341	91.63
342	169.91
343	103.67
345	109.48
346	96.03
347	107.16
348	94.09
349	87.27
350	105.35
352	104.74
353	91.62
354	115.5
355	102.66
356	92.48
357	99.05
358	102.0
359	100.32
360	74.28
362	92.58
363	116.59
364	100.64
366	84.65
367	112.67
368	73.34
369	94.11
370	95.13
371	108.43
373	112.19
374	91.02
375	108.27
376	87.9
377	109.16
379	110.35
380	91.53
381	106.63
382	88.79
383	98.24
384	109.99
385	107.74
388	95.1
389	105.21
390	87.51
391	99.7
393	122.47
394	97.76
395	88.07
397	117.49
398	97.69
399	92.91
400	77.14
401	91.21
402	107.76
404	97.36
405	102.49
406	112.46
408	108.93
409	88.58
410	111.92
412	100.39
413	90.87
414	93.21
415	116.16
417	98.01
418	90.84
419	93.67
420	136.47
421	77.31
422	103.46
425	128.05
426	112.66
428	92.2
429	154.87
431	111.7
433	98.45
434	88.72
437	108.19
438	110.1
440	100.21
442	85.97
443	122.45
444	112.2
445	106.16
446	89.66
447	90.41
448	101.42
449	89.52
450	111.74
451	91.45
452	77.69
453	117.81
454	87.97
455	99.17
456	93.59
457	104.07
458	98.57
459	101.19
460	108.24
461	90.06
462	92.79
463	100.95
464	90.76
465	119.99
466	78.25
467	110.63
470	95.6
471	108.85
472	88.47
474	87.65
475	89.75
476	113.87
477	108.53
478	96.48
479	94.88
481	116.6
483	107.86
484	118.83
485	87.28
486	129.0
487	92.38
488	107.35
489	94.65
490	118.18
491	116.34
492	99.94
493	101.02
494	91.99
495	97.47
496	112.42
498	93.41
500	92.88
502	88.57
503	90.03
504	112.59
505	101.11
506	93.02
507	88.06
508	99.51
509	90.77
510	89.79
511	79.99
512	93.4
513	113.68
515	116.87
516	112.94
517	92.4
518	107.12
519	100.42
520	87.63
522	87.53
523	134.26
524	106.59
525	121.64
526	104.73
528	88.98
530	90.34
531	101.97
532	104.25
534	94.44
535	102.33
536	100.07
537	101.66
538	99.55
540	97.17
542	109.16
543	106.5
544	111.15
545	92.83
548	89.6
550	90.79
552	95.92
554	97.3
555	106.81
557	111.04
558	96.35
559	98.93
560	114.94
561	89.02
562	113.07
563	107.61
564	104.73
565	80.01
566	88.6
567	88.2
569	91.2
571	94.0
572	108.23
573	75.86
574	95.69
576	95.56
578	89.6
580	90.28
581	108.32
582	92.29
583	95.03
584	114.39
585	104.52
586	126.68
587	94.56
588	111.41
589	93.81
590	107.48
591	73.4
592	113.93
594	91.56
595	103.75
597	113.33
598	97.9
599	108.92
600	90.86
601	113.75
602	105.43
603	92.01
604	111.21
605	93.65
606	110.44
607	119.71
608	104.29
609	111.45
610	88.3
611	108.53
612	91.96
613	104.67
614	109.36
615	98.78
616	114.85
618	93.9
620	90.23
622	96.6
624	118.31
625	110.11
626	123.89
627	100.97
628	89.44
629	109.04
631	91.82
633	99.46
634	112.71
635	111.54
636	113.08
637	89.97
638	101.11
640	108.41
642	101.47
644	97.03
646	112.61
647	124.37
648	131.56
650	95.75
651	106.72
652	117.85
653	113.64
655	94.29
656	107.94
657	113.68
659	129.19
660	91.3
661	90.52
662	93.62
663	105.87
664	90.95
665	112.5
666	89.89
667	97.33
668	130.97
669	74.53
671	94.95
672	108.21
675	90.38
676	122.4
677	89.83
678	111.66
679	114.28
680	93.38
681	147.72
682	76.81
683	115.73
684	96.0
685	100.49
687	94.71
688	88.38
691	109.53
692	101.39
693	119.57
694	108.47
695	107.22
696	77.42
698	132.59
699	90.66
700	110.71
701	91.35
702	108.68
703	90.73
704	105.31
705	91.44
706	110.54
707	79.81
708	110.24
709	85.82
711	100.77
712	91.61
713	114.37
715	110.49
716	97.99
717	87.61
718	94.6
719	111.44
721	99.22
723	101.44
724	87.71
725	111.54
726	112.78
727	92.59
728	87.65
729	109.93
730	92.65
731	89.74
734	78.19
736	94.36
737	108.9
738	88.55
739	107.75
740	88.9
745	90.46
748	113.35
751	93.26
754	111.48
755	110.48
756	89.5
757	99.52
758	91.52
759	88.81
760	88.93
761	97.99
762	112.95
763	101.06
764	98.97
765	117.07
767	107.45
768	90.9
770	88.49
771	101.7
773	121.23
774	93.11
776	101.49
777	108.54
778	111.48
779	109.92
780	103.59
781	93.43
782	116.02
784	98.04
785	93.47
786	97.95
787	90.65
789	85.98
790	111.02
792	95.71
794	91.68
795	111.02
796	114.26
797	113.93
799	115.42
800	95.22
802	111.25
803	109.19
804	93.72
805	107.62
809	110.23
811	90.39
812	105.66
814	93.82
815	109.19
816	95.0
817	100.59
818	89.6
819	109.64
820	110.64
821	104.62
822	92.53
824	123.68
825	94.11
827	93.8
829	121.18
830	94.67
831	87.47
832	105.3
833	89.65
834	78.4
837	99.51
838	122.2
839	90.78
840	113.02
841	94.41
842	82.24
844	97.32
845	101.43
846	140.49
847	89.41
849	112.54
850	76.99
851	88.26
852	109.58
853	104.53
854	91.21
855	111.1
856	88.12
857	101.46
859	101.76
861	98.13
862	98.93
864	108.15
865	104.2
867	91.11
868	95.1
869	91.58
870	116.02
871	97.57
872	107.36
873	109.77
874	114.25
875	104.42
876	91.16
877	119.02
878	100.42
879	109.39
880	91.19
881	107.24
882	114.32
883	265.32
887	112.38
888	94.87
889	158.53
890	114.51
892	99.48
893	129.32
894	83.42
895	118.44
896	111.9
897	91.37
899	112.51
900	141.31
901	102.87
902	106.79
903	99.18
904	92.4
905	108.57
906	95.64
907	89.6
908	98.95
909	108.65
910	110.87
911	108.36
912	78.5
913	101.98
914	106.56
915	88.38
916	89.96
917	113.56
918	112.09
921	92.38
922	104.19
923	98.01
924	78.47
926	108.38
927	105.4
928	99.0
929	87.13
930	107.48
931	100.77
932	92.95
933	87.21
934	100.35
935	106.19
936	90.04
937	123.31
938	117.89
940	110.54
941	93.76
942	117.3
944	98.17
945	99.91
946	94.29
947	91.63
948	107.59
949	90.71
951	91.21
953	91.27
954	90.32
955	108.82
957	108.49
958	88.34
959	120.17
961	93.42
962	108.34
964	88.71
965	110.7
966	115.73
967	88.24
968	110.12
969	89.97
970	100.28
971	114.35
972	92.55
974	93.83
975	94.39
977	90.96
978	111.89
979	113.39
980	107.13
981	125.03
982	90.43
983	101.58
984	103.57
985	107.99
986	102.39
989	107.48
990	106.52
991	100.62
992	101.33
993	108.68
994	90.04
995	140.15
996	94.64
997	114.53
998	137.44
999	110.24
1000	91.49
1001	106.0
1002	104.97
1003	107.13
1004	95.62
1005	95.04
1006	88.96
1008	104.37
1009	99.72
1010	105.43
1011	125.06
1012	89.43
1013	108.37
1014	89.0
1015	99.06
1016	89.29
1017	115.13
1018	92.73
1019	108.88
1020	98.56
1021	108.64
1023	89.83
1024	92.63
1025	105.53
1026	108.99
1027	90.1
1029	89.65
1030	88.1
1031	99.56
1032	85.48
1033	140.41
1035	89.75
1036	144.36
1037	93.78
1039	88.26
1040	105.53
1041	116.21
1042	90.59
1043	115.15
1044	108.36
1045	109.45
1046	93.92
1047	91.07
1050	93.6
1051	97.0
1052	102.76
1054	99.2
1057	89.94
1058	93.34
1059	122.09
1060	154.43
1061	88.26
1062	106.39
1064	106.23
1065	87.54
1066	99.58
1068	97.22
1069	108.74
1070	93.41
1071	90.7
1073	97.94
1078	90.09
1079	87.31
1080	97.43
1081	93.38
1082	102.63
1084	105.65
1085	91.39
1087	87.06
1088	99.52
1090	89.02
1091	106.67
1092	89.0
1093	111.85
1094	117.36
1095	106.81
1098	119.08
1099	90.18
1100	128.1
1101	92.33
1102	119.01
1103	94.81
1104	79.22
1105	103.41
1106	89.74
1108	111.86
1109	112.51
1110	109.78
1112	93.95
1113	97.41
1114	115.82
1115	96.23
1116	98.59
1117	97.46
1118	90.49
1120	106.82
1121	115.95
1122	121.03
1123	87.98
1125	118.18
1126	100.9
1129	111.02
1130	91.38
1132	93.39
1133	111.11
1134	88.8
1135	103.03
1136	90.57
1137	109.63
1138	94.81
1139	101.23
1140	93.48
1141	149.63
1142	88.62
1143	99.68
1145	116.3
1146	104.92
1148	107.28
1150	97.89
1151	88.95
1152	109.68
1153	100.16
1154	96.41
1155	99.66
1156	88.51
1157	101.0
1158	73.59
1159	100.12
1160	103.01
1161	111.74
1162	97.72
1163	111.31
1164	89.51
1165	91.33
1167	89.19
1168	92.04
1169	114.88
1170	89.7
1173	93.65
1174	100.81
1175	106.19
1176	122.65
1177	99.98
1178	110.03
1179	88.98
1180	106.18
1181	88.57
1183	100.37
1184	110.58
1186	116.0
1187	83.98
1189	88.29
1190	92.96
1191	122.4
1192	93.62
1193	101.71
1194	90.89
1195	108.52
1196	114.26
1197	91.21
1198	121.27
1199	121.28
1200	90.37
1201	98.58
1202	88.69
1203	160.87
1204	94.16
1205	150.89
1206	111.5
1207	100.75
1208	92.7
1209	113.39
1210	99.16
1211	104.18
1212	97.7
1213	101.18
1214	90.49
1215	108.48
1216	93.29
1217	100.5
1220	110.21
1223	107.35
1227	115.22
1228	105.65
1230	112.97
1231	114.8
1232	102.91
1233	98.33
1234	87.95
1235	91.85
1236	101.64
1237	133.36
1238	87.82
1239	114.56
1240	108.52
1242	88.16
1243	103.91
1244	88.01
1245	109.91
1246	108.06
1247	110.17
1249	118.14
1251	96.14
1253	106.03
1254	106.35
1255	89.41
1257	99.83
1258	96.05
1259	105.97
1260	87.16
1261	110.47
1262	90.13
1264	86.6
1265	106.05
1266	105.03
1267	98.95
1271	111.31
1272	134.21
1273	88.61
1274	92.8
1275	78.45
1277	87.37
1279	139.08
1280	93.93
1282	76.86
1283	89.85
1285	111.58
1287	106.31
1288	92.21
1289	91.38
1290	113.43
1291	91.35
1292	112.48
1293	97.99
1294	105.18
1295	76.64
1296	108.19
1297	100.1
1298	113.34
1299	104.37
1300	94.09
1302	98.39
1303	84.85
1304	111.03
1305	109.87
1307	112.8
1308	134.04
1310	105.51
1311	129.16
1312	95.94
1313	111.55
1314	113.03
1315	91.1
1316	94.39
1317	99.26
1318	111.47
1320	87.81
1321	93.77
1323	95.33
1324	107.47
1325	105.8
1326	85.23
1327	106.27
1328	94.83
1329	88.36
1331	101.74
1332	92.64
1333	107.82
1334	108.73
1335	101.96
1336	91.67
1337	92.3
1338	90.05
1339	108.03
1340	88.57
1341	88.14
1342	88.6
1343	85.92
1344	96.85
1345	106.13
1347	110.76
1348	92.22
1350	108.51
1351	92.09
1354	100.97
1355	102.04
1356	89.38
1357	77.42
1358	90.67
1361	91.24
1362	110.07
1366	113.86
1367	107.65
1368	93.55
1369	109.69
1370	88.02
1371	118.06
1372	90.96
1373	98.57
1374	91.62
1376	75.26
1377	107.5
1378	97.86
1379	90.6
1380	111.41
1381	89.69
1383	75.79
1384	87.58
1385	103.31
1386	92.82
1387	104.34
1388	109.25
1390	94.02
1391	98.32
1392	90.13
1394	88.17
1396	90.68
1397	98.44
1398	99.6
1399	94.57
1400	87.24
1401	123.17
1402	110.24
1403	97.26
1404	105.96
1405	78.01
1406	108.33
1407	100.87
1409	88.55
1410	114.83
1411	99.93
1412	93.57
1413	109.12
1414	94.84
1415	100.75
1416	106.84
1417	117.35
1418	92.98
1419	90.0
1420	106.58
1421	115.39
1423	107.61
1424	88.69
1425	107.15
1426	107.66
1427	135.29
1428	95.76
1429	108.3
1430	101.25
1431	91.03
1433	93.87
1434	89.55
1435	100.32
1436	110.32
1437	88.87
1438	118.61
1440	91.32
1441	115.75
1442	97.27
1445	90.0
1446	110.29
1447	91.9
1448	106.65
1449	94.26
1450	97.47
1451	89.26
1452	100.57
1453	100.63
1454	111.1
1455	91.98
1456	115.22
1458	73.15
1459	167.45
1460	109.7
1462	108.35
1463	90.41
1464	96.61
1465	87.99
1466	74.1
1467	92.91
1468	111.09
1469	93.03
1470	87.63
1471	87.56
1472	76.96
1477	89.67
1478	115.64
1479	90.69
1480	91.35
1481	91.0
1482	96.87
1483	110.44
1486	91.53
1487	101.79
1488	111.85
1489	88.93
1491	98.81
1492	90.32
1493	119.87
1494	104.51
1495	112.0
1496	100.07
1497	93.0
1498	108.31
1499	94.18
1500	119.03
1501	93.4
1502	101.13
1505	102.3
1508	96.98
1509	106.33
1510	107.98
1512	73.45
1513	94.6
1514	91.11
1515	90.41
1516	116.57
1517	108.96
1519	95.74
1520	96.28
1521	105.53
1523	86.83
1524	127.19
1525	127.27
1528	109.61
1529	90.82
1530	125.26
1531	86.15
1534	110.15
1536	92.81
1537	93.58
1538	103.45
1539	111.45
1540	108.13
1541	106.62
1542	108.42
1543	96.17
1544	111.42
1545	89.59
1546	89.97
1547	110.47
1548	75.89
1551	132.6
1552	114.53
1554	110.9
1555	108.94
1556	93.6
1558	90.66
1559	106.54
1560	125.91
1562	109.75
1563	120.91
1565	113.14
1566	89.9
1567	90.35
1569	91.15
1571	119.3
1572	102.42
1573	113.71
1574	92.39
1576	77.86
1577	90.44
1578	111.31
1580	103.47
1581	112.06
1584	108.02
1586	117.6
1587	92.66
1588	107.7
1590	93.86
1591	98.74
1592	113.75
1593	106.83
1594	72.11
1595	87.3
1596	103.2
1597	88.38
1599	118.78
1600	102.14
1602	95.67
1603	91.01
1605	111.64
1606	102.5
1607	93.75
1608	110.42
1609	87.41
1610	117.06
1611	92.98
1612	125.76
1613	100.56
1614	111.05
1617	88.77
1618	105.85
1619	103.7
1620	114.6
1621	89.62
1622	109.37
1623	95.8
1625	113.87
1626	99.0
1628	102.0
1629	111.34
1630	91.38
1631	104.49
1632	88.29
1633	106.79
1635	112.27
1636	98.98
1637	119.75
1638	112.99
1639	117.71
1640	91.61
1641	82.21
1642	89.3
1643	114.5
1644	104.92
1645	98.7
1646	93.93
1647	93.76
1648	98.02
1649	109.74
1650	108.51
1652	117.35
1653	102.77
1654	87.86
1655	119.39
1656	105.89
1657	88.47
1658	104.45
1659	125.72
1660	89.41
1662	87.72
1663	100.53
1665	78.22
1666	101.26
1667	132.86
1670	93.71
1671	111.44
1672	89.03
1674	98.07
1676	92.59
1677	111.68
1678	92.35
1680	91.76
1681	81.96
1684	107.69
1685	94.03
1686	88.62
1687	116.82
1688	106.66
1689	110.88
1690	88.88
1691	99.94
1692	90.86
1693	94.31
1694	100.5
1695	101.94
1696	97.67
1698	102.78
1699	89.39
1701	88.83
1702	91.66
1703	107.04
1704	92.58
1705	108.47
1706	95.98
1707	94.76
1708	104.77
1709	89.61
1710	99.67
1712	133.55
1715	96.81
1716	106.18
1718	91.14
1719	109.55
1720	93.29
1721	108.33
1723	95.64
1724	90.27
1725	90.26
1726	108.03
1727	100.0
1728	114.52
1729	92.45
1730	139.61
1731	104.6
1733	120.95
1734	101.47
1735	106.52
1736	91.78
1738	92.94
1739	105.79
1740	117.32
1741	95.87
1742	122.12
1743	119.5
1744	100.46
1745	86.96
1746	114.18
1747	101.07
1748	110.94
1751	112.17
1752	89.75
1754	115.05
1755	89.84
1756	101.45
1758	114.57
1760	80.34
1761	98.7
1764	117.28
1765	98.1
1766	92.46
1767	97.32
1768	114.35
1769	115.24
1770	106.6
1771	99.84
1772	109.25
1773	119.31
1775	89.93
1776	105.56
1778	109.61
1779	95.71
1780	125.72
1781	90.68
1782	106.73
1784	122.01
1786	116.51
1788	74.35
1789	114.51
1790	107.99
1791	108.97
1792	110.01
1794	99.1
1795	90.76
1796	106.55
1797	109.9
1799	108.06
1802	114.66
1803	72.94
1804	102.48
1805	92.47
1806	100.27
1810	88.22
1812	107.79
1813	108.99
1814	95.15
1815	107.97
1816	86.34
1817	99.99
1818	92.82
1819	88.31
1820	112.54
1821	88.77
1822	115.1
1823	92.99
1824	101.65
1825	90.76
1826	111.4
1827	88.36
1828	110.07
1829	119.59
1831	92.59
1832	111.92
1834	110.22
1836	98.81
1837	94.5
1838	91.32
1839	122.31
1841	111.83
1842	125.44
1843	88.23
1845	89.19
1847	102.3
1849	105.29
1850	87.49
1851	89.14
1853	109.96
1854	88.66
1855	107.01
1856	94.9
1858	93.78
1859	99.4
1860	89.01
1861	98.19
1862	109.24
1863	100.71
1864	91.43
1865	97.78
1867	109.59
1868	105.64
1869	90.52
1870	93.64
1871	72.5
1872	90.83
1873	106.22
1874	111.01
1876	107.3
1877	87.33
1878	115.72
1879	95.31
1880	128.02
1881	90.26
1882	107.85
1883	119.78
1884	87.4
1885	92.97
1886	74.86
1887	106.79
1888	108.07
1889	115.83
1890	78.47
1891	87.73
1893	100.35
1894	87.57
1896	88.87
1897	92.19
1898	74.77
1899	104.55
1900	107.12
1903	102.91
1904	102.31
1905	113.62
1906	92.32
1907	107.9
1908	132.61
1910	91.44
1911	101.03
1912	97.86
1913	104.91
1914	91.46
1916	106.59
1917	91.46
1918	98.31
1919	116.18
1922	132.29
1923	88.08
1924	111.01
1925	106.9
1926	97.77
1927	107.77
1929	89.09
1930	97.64
1931	98.59
1932	104.87
1933	90.8
1934	98.16
1935	89.64
1936	99.03
1937	105.36
1938	113.01
1939	89.9
1940	97.87
1941	115.19
1944	91.12
1946	118.27
1947	91.88
1948	109.02
1949	108.64
1950	94.56
1953	88.18
1954	91.08
1955	109.21
1956	73.89
1957	93.57
1958	100.71
1959	93.45
1960	101.6
1961	87.67
1962	114.8
1963	88.73
1964	100.1
1965	91.6
1966	110.02
1967	97.96
1968	74.2
1970	95.34
1971	109.49
1972	95.7
1973	92.38
1976	100.85
1977	88.83
1979	108.99
1980	90.39
1981	103.85
1983	103.03
1985	91.13
1987	115.39
1988	88.92
1989	109.05
1990	77.64
1991	94.35
1992	110.94
1993	92.1
1994	110.07
1995	109.63
1996	88.28
1997	81.07
1998	90.44
1999	89.65
2001	88.12
2002	106.91
2003	100.11
2004	108.88
2005	93.55
2006	116.23
2007	85.75
2008	111.07
2009	95.33
2010	114.29
2011	91.23
2012	89.63
2013	90.69
2014	95.35
2016	98.83
2017	91.59
2018	112.53
2019	92.6
2020	114.63
2023	107.61
2024	80.2
2025	90.41
2026	109.47
2027	93.8
2030	89.86
2031	106.13
2032	88.95
2033	91.06
2034	92.08
2035	119.89
2036	112.31
2037	114.4
2038	88.7
2039	124.64
2040	96.41
2041	88.97
2042	99.59
2043	96.47
2044	101.27
2045	88.45
2046	108.49
2047	91.88
2048	106.4
2049	90.0
2051	109.69
2053	92.18
2054	93.29
2055	107.81
2057	122.4
2058	90.57
2059	109.29
2060	95.67
2061	126.97
2063	105.94
2064	111.32
2065	91.52
2066	89.65
2067	125.84
2068	111.08
2069	87.06
2070	108.8
2071	113.28
2072	101.89
2073	98.25
2074	113.09
2076	119.38
2077	110.33
2078	95.96
2079	93.56
2080	105.59
2081	110.39
2082	98.94
2084	110.53
2085	75.42
2086	106.1
2087	109.34
2088	88.99
2089	91.63
2090	94.02
2092	99.41
2093	89.89
2094	109.39
2095	90.44
2096	104.65
2098	113.52
2099	89.61
2100	100.68
2101	88.75
2102	88.77
2103	114.87
2104	112.94
2105	89.22
2108	92.79
2109	100.04
2111	107.11
2112	88.06
2113	107.42
2116	76.78
2118	106.37
2119	91.88
2120	116.67
2121	111.14
2123	96.21
2124	89.37
2126	119.88
2127	93.91
2130	103.1
2131	96.93
2132	97.58
2133	83.49
2134	93.33
2135	101.45
2136	75.05
2137	111.21
2138	95.89
2139	100.25
2140	115.21
2141	88.83
2143	109.4
2144	91.41
2146	109.1
2147	113.95
2148	91.88
2149	108.8
2150	87.53
2151	113.75
2152	89.19
2153	84.2
2154	92.31
2156	100.68
2158	95.01
2160	99.54
2161	92.4
2162	118.02
2164	109.02
2165	93.36
2166	88.39
2167	73.79
2168	102.3
2170	101.3
2171	92.83
2172	103.39
2173	110.75
2175	93.95
2176	87.99
2177	113.43
2179	90.04
2180	98.92
2181	86.9
2182	97.16
2183	117.49
2184	92.54
2187	78.88
2188	89.13
2189	100.71
2190	109.28
2191	88.12
2192	90.43
2193	99.67
2194	91.03
2198	108.94
2199	114.55
2200	96.69
2202	98.36
2203	98.96
2205	100.67
2206	88.25
2207	102.04
2208	109.01
2209	100.77
2210	94.5
2211	97.72
2214	97.68
2215	87.15
2218	113.55
2219	78.91
2220	88.07
2221	94.24
2222	102.91
2223	93.87
2224	112.22
2225	89.73
2226	90.62
2228	109.65
2229	91.43
2230	121.06
2231	119.22
2232	89.44
2233	86.19
2234	91.88
2235	108.96
2236	89.99
2237	109.07
2238	108.71
2239	91.85
2240	154.16
2241	91.31
2243	97.22
2244	89.96
2245	98.51
2246	96.77
2247	93.0
2248	112.31
2249	107.45
2250	112.82
2251	95.97
2253	106.51
2254	118.53
2256	121.1
2257	91.55
2259	121.28
2260	108.76
2263	136.96
2264	92.21
2266	99.46
2267	92.26
2268	91.83
2269	113.99
2270	108.47
2271	105.89
2272	108.37
2273	108.72
2274	104.0
2275	112.41
2277	87.22
2278	93.18
2279	96.51
2280	134.08
2281	113.34
2283	94.69
2284	110.63
2285	89.51
2286	104.65
2287	101.57
2288	90.87
2289	88.75
2291	76.1
2292	93.05
2293	97.07
2294	105.24
2295	98.54
2298	87.8
2299	91.99
2301	90.71
2302	125.75
2303	97.21
2304	100.95
2305	121.79
2306	93.25
2307	89.07
2308	76.33
2309	128.58
2311	85.96
2312	107.36
2313	85.94
2316	101.87
2317	91.93
2318	108.71
2320	90.36
2321	95.1
2322	103.53
2323	107.4
2325	108.05
2326	87.49
2327	109.72
2329	115.72
2330	101.29
2333	92.76
2334	97.79
2336	93.11
2338	114.27
2339	90.57
2340	106.4
2341	95.46
2342	80.29
2344	92.83
2345	87.33
2347	90.14
2348	140.25
2350	108.37
2351	90.28
2352	90.69
2354	88.18
2355	112.56
2356	99.28
2357	142.71
2358	122.65
2359	92.84
2362	87.13
2363	74.43
2364	100.58
2367	88.53
2368	89.81
2370	88.14
2371	99.95
2373	96.85
2374	118.85
2377	90.58
2378	92.38
2380	105.83
2381	110.07
2382	108.58
2383	111.04
2384	114.58
2385	92.02
2386	106.0
2387	96.99
2388	89.72
2390	90.77
2391	86.73
2393	118.73
2394	111.56
2395	112.09
2396	121.92
2397	109.62
2398	90.31
2399	108.76
2400	97.04
2401	118.38
2402	126.11
2403	119.7
2404	92.98
2405	96.36
2406	105.31
2407	89.91
2408	90.75
2409	103.77
2410	105.13
2411	107.3
2412	108.28
2413	109.28
2415	117.08
2416	98.56
2419	110.66
2420	90.72
2422	128.8
2423	117.14
2425	126.95
2426	89.2
2427	86.8
2429	107.03
2430	90.16
2431	100.86
2432	122.36
2434	90.16
2435	121.41
2436	88.05
2437	92.03
2438	117.46
2439	100.05
2440	113.67
2441	112.88
2442	91.74
2444	97.96
2446	89.79
2447	135.53
2448	107.61
2451	97.99
2452	105.5
2453	91.33
2454	105.81
2455	92.17
2457	111.74
2458	88.66
2459	112.28
2460	100.68
2461	90.17
2462	110.86
2463	108.98
2464	116.42
2466	77.06
2467	87.97
2469	94.32
2470	137.49
2471	76.16
2472	94.28
2473	108.03
2475	131.69
2476	105.91
2477	85.49
2478	99.11
2479	99.84
2480	102.25
2481	128.87
2483	91.6
2486	123.11
2487	83.23
2488	106.78
2490	93.71
2492	110.38
2494	117.01
2495	85.72
2496	137.09
2498	103.9
2499	88.08
2500	91.96
2501	113.5
2502	111.17
2503	120.94
2504	88.0
2506	109.97
2507	94.29
2508	106.41
2509	87.16
2511	74.66
2514	111.42
2516	99.27
2519	99.56
2521	98.79
2522	93.4
2524	104.51
2525	110.06
2527	97.19
2529	93.06
2531	94.79
2532	132.65
2533	106.06
2534	93.7
2535	102.39
2536	93.62
2537	105.98
2538	112.55
2539	93.0
2543	105.35
2544	97.2
2545	115.75
2547	93.2
2548	105.89
2549	112.19
2550	108.62
2551	106.47
2552	99.74
2553	110.0
2554	92.22
2555	133.09
2556	109.02
2557	94.21
2558	90.53
2559	99.13
2560	106.95
2561	86.33
2563	103.14
2564	89.25
2565	101.23
2566	108.59
2567	91.84
2568	117.67
2569	87.78
2570	115.27
2571	87.3
2572	108.69
2573	97.28
2574	109.97
2575	89.19
2576	106.35
2577	97.37
2578	109.12
2579	100.74
2581	88.79
2582	97.55
2583	99.49
2585	102.18
2587	108.69
2588	88.53
2589	78.71
2590	92.0
2594	108.12
2595	124.31
2596	98.14
2597	89.44
2599	110.12
2600	91.68
2601	117.27
2602	102.09
2604	78.71
2605	104.41
2607	113.94
2608	112.04
2609	107.66
2610	89.14
2611	89.37
2613	110.58
2614	79.97
2615	116.02
2616	94.62
2617	93.42
2618	127.42
2619	90.57
2620	111.19
2621	91.91
2622	93.02
2625	106.47
2626	103.96
2627	94.05
2628	118.17
2632	109.49
2633	115.44
2634	96.38
2636	95.47
2637	123.86
2638	94.52
2639	105.25
2640	103.2
2641	108.34
2642	90.98
2643	91.47
2644	109.97
2645	88.42
2646	88.12
2647	121.84
2648	117.83
2651	84.53
2652	89.86
2653	108.86
2654	107.78
2655	95.87
2657	106.89
2658	106.98
2659	88.06
2660	90.35
2661	130.0
2662	90.38
2663	92.08
2665	93.05
2666	90.58
2667	102.88
2669	112.12
2670	110.03
2672	119.72
2673	95.23
2674	123.69
2675	88.64
2676	104.28
2677	87.89
2678	115.66
2679	88.82
2680	114.22
2681	90.6
2682	87.91
2683	86.61
2684	105.05
2685	93.6
2686	106.91
2687	92.11
2689	103.42
2690	100.71
2691	112.95
2693	94.85
2695	112.8
2696	116.07
2697	130.6
2698	88.16
2699	88.05
2701	93.22
2702	108.36
2703	91.79
2704	102.77
2705	110.93
2706	109.0
2707	95.15
2709	109.31
2711	100.36
2712	99.14
2713	113.95
2714	97.36
2715	92.06
2717	73.71
2718	99.84
2719	105.89
2720	98.84
2721	89.72
2722	108.54
2723	105.96
2725	108.09
2726	90.79
2727	86.16
2728	106.44
2730	92.07
2731	88.63
2732	110.1
2733	128.58
2734	128.94
2735	158.23
2736	153.51
2737	101.68
2738	103.42
2739	85.69
2740	118.77
2742	88.82
2743	90.76
2744	83.67
2745	111.56
2746	98.44
2747	102.15
2748	100.54
2749	92.56
2751	98.42
2752	113.31
2753	105.82
2754	120.81
2755	114.83
2756	114.91
2758	77.47
2760	108.01
2761	107.73
2762	97.27
2764	100.0
2765	108.13
2767	105.66
2768	94.6
2769	114.11
2770	94.95
2771	125.38
2772	103.68
2773	100.25
2776	88.69
2778	94.74
2779	112.12
2780	89.34
2781	118.54
2782	88.53
2783	103.77
2784	93.62
2785	100.13
2786	95.44
2788	100.02
2789	112.69
2791	95.81
2793	90.14
2795	90.83
2796	111.48
2798	108.25
2799	109.37
2800	75.41
2801	106.85
2802	97.95
2804	89.01
2805	105.97
2806	101.03
2807	108.62
2808	88.22
2809	75.65
2811	100.05
2812	98.9
2813	104.28
2814	93.77
2816	94.83
2818	101.92
2819	90.85
2821	88.14
2822	109.21
2824	95.71
2825	87.28
2827	99.55
2828	124.75
2829	90.4
2830	106.02
2831	112.8
2832	90.52
2833	76.22
2835	116.46
2837	117.24
2838	90.13
2839	96.91
2841	101.9
2842	101.74
2843	85.63
2844	97.51
2845	96.21
2846	97.91
2847	96.38
2848	100.11
2849	88.03
2851	99.66
2852	141.39
2855	116.87
2856	120.8
2858	110.8
2859	109.08
2861	119.48
2862	122.66
2863	86.31
2866	112.62
2867	108.28
2868	97.26
2869	94.39
2870	105.67
2871	95.47
2873	99.49
2874	96.62
2875	87.35
2876	122.22
2877	101.96
2878	109.42
2879	97.84
2880	115.07
2881	87.84
2883	98.74
2885	108.75
2886	116.37
2888	138.19
2890	103.82
2891	109.38
2892	113.75
2893	111.5
2895	103.58
2896	88.74
2898	98.32
2899	95.27
2900	119.71
2901	99.16
2902	92.66
2904	89.17
2906	74.5
2907	91.62
2908	101.39
2909	88.69
2911	121.91
2912	89.38
2913	105.34
2914	91.62
2915	89.43
2916	89.21
2917	97.14
2918	109.11
2919	105.42
2920	116.39
2921	108.24
2922	88.39
2924	108.34
2925	99.08
2927	100.57
2928	89.22
2929	90.44
2930	107.99
2931	98.68
2932	77.38
2933	104.67
2934	96.8
2935	88.61
2936	98.94
2937	107.09
2938	90.38
2939	121.85
2940	87.17
2941	109.9
2942	74.99
2943	87.86
2944	99.26
2948	92.05
2949	91.68
2952	93.19
2953	88.52
2955	92.75
2956	111.22
2957	120.38
2958	105.55
2960	100.55
2961	94.52
2962	110.54
2963	91.22
2964	88.91
2965	74.79
2966	87.71
2967	119.56
2968	114.21
2969	110.81
2970	87.28
2971	96.83
2972	89.4
2973	110.66
2974	97.36
2975	101.34
2976	91.19
2977	93.52
2978	107.35
2979	88.36
2980	108.42
2982	93.74
2983	139.16
2984	91.74
2985	92.9
2987	95.86
2988	99.63
2989	99.37
2990	98.28
2991	90.25
2992	105.29
2993	90.55
2994	88.54
2995	106.61
2997	111.04
2998	99.64
2999	97.76
3000	99.68
3001	97.42
3002	88.48
3003	99.64
3004	104.33
3008	98.59
3009	94.51
3010	91.84
3011	105.53
3012	112.75
3013	105.7
3014	100.05
3015	90.22
3016	90.62
3017	104.66
3018	86.91
3019	108.01
3020	83.09
3021	108.02
3022	91.86
3023	98.59
3024	108.9
3025	94.27
3026	119.35
3027	113.5
3028	140.31
3030	97.45
3031	89.87
3032	92.63
3033	106.04
3034	116.13
3035	96.92
3036	91.93
3038	95.65
3039	105.73
3040	108.14
3041	120.78
3043	103.71
3044	107.96
3046	89.11
3047	85.99
3048	111.05
3049	88.11
3050	109.02
3051	113.58
3052	88.73
3054	91.34
3056	96.21
3058	102.14
3060	118.71
3061	109.04
3064	90.8
3065	106.02
3066	86.81
3067	111.91
3068	78.63
3069	95.49
3070	106.96
3072	89.22
3074	89.16
3075	115.39
3076	107.75
3077	90.32
3078	97.96
3079	95.73
3080	84.39
3081	110.59
3082	94.83
3083	107.9
3084	90.17
3085	75.9
3087	90.54
3089	85.37
3090	146.3
3091	98.22
3092	92.18
3093	132.7
3094	122.87
3095	116.34
3096	91.41
3097	111.49
3098	99.87
3099	101.28
3100	98.31
3101	101.14
3102	88.46
3103	98.38
3105	110.0
3107	108.86
3109	73.52
3112	126.41
3113	89.39
3114	111.91
3115	93.83
3117	102.83
3118	93.45
3119	108.33
3120	92.13
3121	99.49
3123	97.75
3124	117.48
3125	94.82
3126	89.51
3127	85.55
3129	103.32
3130	94.62
3131	88.73
3132	95.43
3133	165.52
3134	96.52
3135	106.97
3137	94.87
3138	111.22
3139	110.65
3140	91.43
3141	90.38
3142	111.38
3143	99.78
3145	90.48
3146	114.8
3147	94.32
3148	107.7
3149	77.25
3150	89.49
3151	133.86
3152	83.25
3153	102.76
3154	117.09
3155	96.74
3156	91.07
3157	108.73
3158	94.07
3159	99.68
3160	75.59
3161	99.43
3162	112.9
3163	128.67
3164	112.34
3167	111.12
3168	97.03
3169	120.86
3170	98.35
3172	101.52
3173	90.76
3174	91.97
3175	107.9
3176	92.1
3177	137.32
3178	88.78
3179	90.39
3180	89.62
3181	112.47
3183	92.08
3184	95.01
3185	106.18
3187	102.32
3188	89.03
3189	110.07
3190	110.74
3191	95.65
3192	112.78
3193	92.65
3194	109.22
3195	104.36
3196	119.46
3197	91.79
3198	112.55
3199	99.84
3200	101.48
3201	99.14
3202	96.45
3205	93.04
3206	116.36
3207	97.84
3208	88.34
3209	93.24
3210	92.36
3211	107.44
3212	105.04
3213	88.04
3215	141.09
3216	100.44
3217	125.98
3218	91.94
3219	88.1
3220	106.23
3221	105.71
3222	110.32
3223	103.63
3226	94.7
3227	88.78
3229	98.37
3230	109.33
3232	111.46
3233	116.65
3234	109.4
3235	88.89
3236	95.65
3238	101.59
3239	88.28
3240	104.79
3241	107.46
3243	98.45
3244	114.33
3245	112.08
3246	89.33
3247	96.12
3248	111.24
3249	87.83
3250	114.92
3251	86.86
3252	108.12
3254	106.2
3255	98.05
3257	86.03
3258	113.24
3259	89.46
3260	114.43
3261	89.35
3262	108.24
3263	100.11
3265	99.95
3266	91.08
3267	103.43
3268	90.69
3269	100.22
3270	107.05
3273	96.79
3274	89.31
3275	88.1
3276	90.28
3277	74.27
3278	91.85
3279	97.96
3280	86.61
3282	121.11
3285	108.94
3286	93.52
3287	105.08
3288	90.79
3289	129.45
3290	88.05
3291	90.51
3292	106.41
3293	119.47
3294	100.46
3295	91.29
3296	106.88
3298	79.81
3300	87.05
3301	89.89
3302	86.07
3303	109.09
3304	110.89
3305	90.1
3306	101.82
3307	110.85
3309	89.47
3310	107.87
3311	77.68
3312	92.97
3313	101.76
3314	94.12
3315	116.93
3318	107.05
3321	88.61
3323	92.63
3324	113.72
3325	116.93
3327	103.34
3328	94.45
3329	100.09
3333	110.84
3334	90.7
3335	112.89
3336	95.97
3337	89.19
3338	111.21
3339	98.97
3341	111.65
3342	89.54
3343	100.35
3344	88.97
3346	102.65
3347	110.14
3348	99.54
3349	110.58
3350	111.33
3351	100.27
3353	92.16
3354	90.6
3355	101.76
3357	91.3
3359	90.85
3360	111.55
3361	107.86
3364	91.46
3365	108.76
3369	108.19
3370	94.62
3371	110.46
3372	88.98
3373	108.84
3374	109.93
3375	104.89
3378	110.43
3379	107.74
3381	91.38
3382	91.17
3383	109.6
3384	107.53
3385	74.99
3386	86.25
3388	88.59
3389	117.52
3390	85.55
3391	89.88
3392	117.36
3393	113.8
3394	92.42
3395	106.5
3396	105.49
3397	118.27
3398	112.05
3399	92.73
3400	108.83
3401	98.91
3402	95.5
3403	104.82
3404	88.28
3405	91.99
3406	73.74
3407	85.44
3408	89.94
3409	109.67
3410	89.06
3413	118.31
3414	114.23
3416	100.59
3417	108.97
3418	75.85
3419	89.08
3420	89.34
3421	108.68
3423	88.05
3426	107.43
3427	89.28
3428	112.83
3429	107.38
3431	96.49
3432	87.12
3433	89.2
3434	107.14
3436	109.7
3437	101.99
3438	96.98
3440	103.11
3441	110.16
3444	109.42
3447	104.18
3448	109.66
3449	89.8
3450	107.93
3451	96.41
3452	87.0
3453	109.31
3454	89.69
3455	100.11
3456	97.28
3457	107.48
3458	88.05
3459	77.23
3460	106.72
3462	109.34
3463	111.51
3464	93.81
3465	100.8
3466	96.26
3467	97.14
3468	98.03
3469	76.56
3470	129.65
3471	89.15
3472	97.93
3473	106.1
3475	97.63
3476	107.85
3477	88.98
3478	95.98
3479	92.07
3480	89.19
3481	89.99
3482	87.44
3483	88.99
3484	107.94
3485	84.76
3486	75.19
3488	104.55
3490	108.74
3492	114.23
3496	92.41
3497	89.49
3498	109.13
3499	74.87
3500	90.2
3501	98.74
3502	88.7
3503	89.98
3504	99.55
3505	90.22
3506	90.94
3507	116.75
3508	91.33
3509	96.65
3510	100.05
3512	121.57
3513	105.03
3514	89.62
3516	90.86
3517	100.59
3518	88.38
3519	118.87
3520	89.08
3521	73.24
3522	110.66
3523	106.93
3525	101.17
3526	110.59
3528	92.04
3529	91.57
3530	88.46
3531	108.8
3532	112.26
3533	96.6
3534	109.81
3535	97.74
3536	100.1
3537	112.19
3539	109.85
3540	101.9
3541	92.19
3542	112.12
3543	98.25
3545	107.68
3546	100.1
3547	113.83
3548	105.28
3549	98.04
3550	93.17
3551	115.32
3552	100.78
3553	94.84
3554	98.75
3555	90.85
3556	103.99
3557	87.4
3558	97.12
3559	90.76
3560	118.72
3561	100.29
3562	110.36
3563	91.52
3564	93.17
3565	114.71
3566	90.59
3567	109.33
3568	93.25
3569	94.47
3571	90.14
3572	93.71
3573	99.48
3575	73.83
3576	108.23
3577	94.59
3578	98.1
3579	107.5
3580	91.39
3581	120.76
3583	107.93
3584	105.65
3585	89.79
3586	116.79
3587	111.17
3588	90.8
3589	85.74
3590	93.51
3591	106.88
3592	74.17
3593	108.83
3594	114.12
3595	95.73
3596	105.64
3597	89.23
3598	91.7
3599	75.54
3600	100.52
3601	107.98
3602	89.83
3604	110.84
3605	115.04
3606	100.98
3607	90.41
3609	101.65
3611	90.65
3612	91.01
3613	93.2
3614	94.77
3615	98.16
3616	90.28
3617	92.49
3618	91.82
3619	117.59
3620	87.06
3621	99.48
3622	90.27
3623	88.59
3625	96.19
3626	121.31
3627	92.83
3628	97.07
3629	108.61
3631	88.86
3632	107.44
3633	91.63
3634	116.13
3635	88.34
3638	128.3
3641	106.82
3642	88.93
3643	111.02
3644	87.24
3645	131.67
3647	91.49
3649	110.5
3650	107.47
3651	109.66
3652	112.34
3653	89.12
3654	93.39
3655	116.28
3656	101.52
3658	91.41
3660	115.0
3661	107.63
3662	128.8
3663	90.51
3664	106.96
3665	92.59
3666	87.58
3667	103.7
3668	75.86
3669	87.9
3670	88.0
3671	104.85
3672	112.89
3676	93.71
3678	109.51
3679	104.69
3681	106.47
3682	89.06
3683	104.87
3684	91.13
3687	93.83
3688	86.66
3689	111.64
3691	96.53
3692	92.58
3693	116.13
3694	90.21
3696	103.93
3697	84.48
3699	91.16
3700	114.16
3702	91.56
3703	107.05
3704	105.73
3705	116.68
3706	104.57
3707	100.33
3708	84.8
3709	89.35
3710	91.88
3711	88.77
3712	91.65
3713	109.17
3714	111.85
3715	94.41
3716	97.34
3717	94.53
3719	105.46
3722	87.49
3723	84.86
3724	91.4
3725	97.02
3726	92.98
3728	97.87
3729	89.79
3730	98.64
3731	94.1
3732	90.05
3733	105.91
3734	90.98
3735	100.21
3737	118.44
3738	126.17
3739	77.5
3740	101.56
3741	91.17
3742	92.64
3743	109.67
3744	155.62
3745	108.16
3746	99.8
3747	87.8
3748	114.08
3749	87.52
3750	98.85
3751	102.71
3752	102.45
3753	89.05
3754	95.72
3755	91.77
3756	111.91
3758	88.19
3759	75.38
3760	109.21
3761	117.71
3762	107.34
3763	89.12
3765	108.2
3767	110.88
3768	90.2
3769	97.16
3770	75.41
3771	114.73
3773	136.75
3774	90.46
3775	106.74
3776	90.99
3777	90.18
3779	102.39
3780	86.94
3781	108.58
3782	86.47
3783	105.41
3784	110.05
3785	92.57
3786	109.11
3787	90.11
3789	114.44
3790	93.67
3791	109.18
3792	92.59
3793	97.97
3794	90.78
3795	107.37
3796	108.06
3798	105.18
3800	108.41
3801	94.4
3802	88.63
3803	114.46
3804	104.22
3805	99.86
3807	103.91
3808	98.61
3809	99.35
3810	120.9
3813	105.4
3814	114.01
3815	101.12
3816	94.86
3819	111.22
3820	104.95
3821	101.32
3822	103.9
3823	90.01
3824	108.4
3825	96.93
3826	90.22
3828	105.54
3829	114.47
3830	89.46
3831	120.12
3833	110.74
3834	78.1
3835	106.82
3836	92.34
3837	115.31
3839	87.25
3840	92.31
3841	115.18
3842	89.26
3844	90.91
3845	100.68
3846	88.83
3847	92.2
3848	115.33
3849	88.86
3850	89.28
3851	90.18
3852	99.12
3853	92.81
3854	112.53
3855	88.58
3857	115.88
3858	87.99
3859	85.2
3861	88.7
3863	104.18
3865	92.38
3867	92.41
3868	105.28
3869	118.86
3870	100.03
3871	97.98
3872	99.86
3873	77.41
3874	107.16
3875	90.45
3876	108.43
3877	94.27
3878	100.49
3879	111.34
3881	103.5
3883	106.19
3885	93.86
3886	109.99
3887	88.96
3888	97.09
3890	104.89
3891	94.41
3892	89.37
3893	104.93
3894	90.53
3895	73.36
3897	95.74
3898	104.42
3899	126.52
3900	85.59
3901	113.91
3903	83.96
3904	113.65
3905	103.31
3906	84.72
3907	108.7
3908	100.93
3909	112.88
3910	105.76
3911	121.22
3913	125.45
3915	109.62
3916	77.11
3917	89.14
3918	92.02
3919	86.93
3920	105.43
3921	98.01
3922	102.29
3923	108.08
3924	91.32
3925	122.28
3926	108.71
3927	92.02
3928	87.91
3929	90.49
3930	113.83
3931	85.82
3932	106.16
3933	102.56
3935	97.85
3936	106.02
3937	92.8
3939	84.9
3940	108.9
3942	93.77
3943	110.74
3944	112.49
3945	103.86
3946	110.57
3947	92.11
3948	109.38
3949	88.6
3950	73.76
3951	110.93
3952	105.72
3953	104.09
3954	113.67
3955	107.65
3956	92.97
3957	96.44
3958	75.86
3960	103.32
3961	100.12
3962	87.71
3964	86.38
3965	101.18
3967	88.75
3968	96.87
3969	87.22
3970	84.12
3971	99.74
3972	87.2
3973	74.62
3975	88.85
3976	110.44
3977	110.71
3978	94.88
3980	142.46
3981	93.31
3982	106.36
3983	74.08
3984	90.44
3986	117.4
3987	86.77
3989	109.32
3990	101.81
3991	103.08
3992	76.64
3994	107.44
3995	107.13
3996	108.82
3997	92.9
3998	87.68
4000	97.71
4002	94.01
4003	115.41
4005	108.43
4007	88.38
4008	89.25
4009	108.69
4010	109.58
4011	111.58
4013	90.18
4016	89.38
4017	106.58
4018	89.46
4019	74.75
4020	92.22
4021	92.48
4022	106.4
4023	82.44
4025	115.45
4026	109.09
4027	86.18
4029	91.3
4030	103.85
4031	99.38
4032	89.71
4034	111.86
4037	86.4
4038	105.78
4039	89.06
4042	99.66
4043	125.1
4044	95.5
4045	101.69
4046	87.94
4047	89.68
4048	97.93
4049	100.87
4050	93.5
4051	114.58
4052	87.33
4054	98.37
4055	106.0
4057	88.51
4058	109.5
4059	97.99
4060	75.9
4061	111.1
4062	112.12
4063	115.88
4064	104.72
4065	91.94
4066	114.8
4068	98.86
4069	121.65
4070	86.04
4071	85.68
4072	91.38
4073	103.93
4074	88.71
4075	103.07
4077	110.58
4078	86.96
4079	92.26
4080	112.97
4081	104.88
4082	88.51
4083	89.6
4084	97.43
4085	99.68
4086	95.1
4087	89.93
4088	100.89
4089	101.34
4090	111.83
4091	90.84
4092	100.04
4093	86.51
4094	85.09
4095	88.65
4096	89.06
4097	88.03
4098	103.89
4099	92.22
4100	106.05
4101	73.25
4102	90.13
4105	92.72
4106	113.1
4108	85.17
4109	114.58
4110	118.41
4112	112.32
4117	106.38
4118	112.03
4119	108.72
4120	88.66
4121	91.11
4122	89.38
4123	85.91
4125	90.82
4126	87.78
4127	108.05
4128	93.8
4129	118.54
4130	84.42
4131	106.79
4132	108.66
4135	95.58
4138	107.29
4139	104.26
4140	86.48
4141	88.63
4146	99.91
4147	77.38
4148	106.53
4149	111.15
4151	89.04
4152	103.62
4153	94.71
4154	88.51
4155	106.34
4156	89.53
4157	82.79
4158	87.43
4159	88.54
4161	96.45
4162	99.74
4163	104.42
4164	88.77
4165	105.1
4166	99.52
4168	91.96
4169	93.83
4170	96.85
4171	118.81
4172	76.44
4174	104.29
4175	87.23
4176	149.52
4177	106.61
4178	99.68
4179	85.93
4181	90.06
4182	90.38
4183	95.56
4184	109.0
4186	131.98
4188	102.33
4189	102.42
4190	89.11
4191	88.93
4192	103.03
4193	107.24
4194	91.13
4195	86.23
4196	99.93
4197	89.25
4199	88.24
4201	107.39
4202	123.34
4203	85.71
4204	107.39
4206	109.22
4207	87.48
4208	110.85
